Time    X    Y    Z
0.00    351.4680    516.6880    -2295.9750    
0.56    351.4680    516.6880    -2295.3701    
1.13    351.4680    516.6880    -2295.3701    
1.69    351.4680    513.6840    -2295.3701    
2.26    351.4680    516.6880    -2294.7651    
2.82    351.4680    513.6840    -2295.3701    
3.38    351.4680    516.6880    -2294.7651    
3.95    351.4680    513.6840    -2294.7651    
4.51    351.4680    513.6840    -2296.5800    
5.07    351.4680    513.6840    -2294.7651    
5.64    351.4680    513.6840    -2295.3701    
6.20    351.4680    513.6840    -2295.9750    
6.76    351.4680    513.6840    -2296.5800    
7.33    351.4680    513.6840    -2295.3701    
7.89    351.4680    516.6880    -2295.9750    
8.46    351.4680    513.6840    -2295.3701    
9.02    351.4680    513.6840    -2294.7651    
9.58    351.4680    513.6840    -2294.7651    
10.15   351.4680    513.6840    -2295.3701    
10.71   351.4680    513.6840    -2296.5800    
11.28   348.4640    513.6840    -2295.3701    
11.84   351.4680    516.6880    -2294.7651    
12.40   351.4680    513.6840    -2295.3701    
12.97   351.4680    513.6840    -2295.9750    
13.53   351.4680    516.6880    -2295.9750    
14.10   351.4680    513.6840    -2296.5800    
14.66   351.4680    513.6840    -2295.3701    
15.22   351.4680    513.6840    -2297.1850    
15.79   351.4680    516.6880    -2295.3701    
16.35   351.4680    513.6840    -2296.5800    
16.92   351.4680    513.6840    -2295.9750    
17.48   351.4680    513.6840    -2296.5800    
18.04   351.4680    516.6880    -2296.5800    
18.61   351.4680    516.6880    -2297.1850    
19.17   351.4680    513.6840    -2296.5800    
19.73   351.4680    516.6880    -2296.5800    
20.30   351.4680    513.6840    -2294.7651    
20.86   351.4680    513.6840    -2294.1601    
21.43   351.4680    513.6840    -2296.5800    
21.99   351.4680    513.6840    -2295.9750    
22.55   351.4680    513.6840    -2296.5800    
23.12   351.4680    513.6840    -2296.5800    
23.68   351.4680    516.6880    -2296.5800    
24.25   351.4680    516.6880    -2297.1850    
24.81   351.4680    513.6840    -2295.3701    
25.37   351.4680    516.6880    -2296.5800    
25.94   351.4680    513.6840    -2295.9750    
26.50   351.4680    516.6880    -2295.9750    
27.06   351.4680    516.6880    -2297.1850    
27.63   351.4680    516.6880    -2296.5800    
28.19   351.4680    513.6840    -2296.5800    
28.76   351.4680    516.6880    -2295.9750    
29.32   351.4680    516.6880    -2297.1850    
29.88   351.4680    516.6880    -2298.3950    
30.45   351.4680    516.6880    -2297.1850    
31.01   351.4680    516.6880    -2297.1850    
31.58   351.4680    516.6880    -2299.6049    
32.14   351.4680    516.6880    -2299.0000    
32.70   351.4680    516.6880    -2296.5800    
33.27   351.4680    516.6880    -2297.1850    
33.83   351.4680    516.6880    -2298.3950    
34.40   351.4680    516.6880    -2298.3950    
34.96   351.4680    516.6880    -2299.0000    
35.52   351.4680    516.6880    -2297.7900    
36.09   351.4680    516.6880    -2297.1850    
36.65   351.4680    516.6880    -2299.6049    
37.22   351.4680    516.6880    -2297.7900    
37.78   351.4680    516.6880    -2299.6049    
38.34   351.4680    516.6880    -2298.3950    
38.91   351.4680    516.6880    -2298.3950    
39.47   351.4680    516.6880    -2298.3950    
40.04   351.4680    516.6880    -2297.7900    
40.60   351.4680    516.6880    -2299.0000    
41.16   351.4680    516.6880    -2298.3950    
41.73   351.4680    516.6880    -2299.0000    
42.29   351.4680    516.6880    -2299.0000    
42.85   351.4680    516.6880    -2298.3950    
43.42   351.4680    516.6880    -2297.7900    
43.98   351.4680    513.6840    -2298.3950    
44.55   351.4680    516.6880    -2298.3950    
45.11   351.4680    516.6880    -2300.8151    
45.67   351.4680    516.6880    -2298.3950    
46.24   351.4680    516.6880    -2299.0000    
46.80   351.4680    516.6880    -2298.3950    
47.37   351.4680    516.6880    -2299.0000    
47.93   351.4680    516.6880    -2299.0000    
48.49   351.4680    516.6880    -2298.3950    
49.06   351.4680    516.6880    -2299.0000    
49.62   351.4680    516.6880    -2299.6049    
50.18   351.4680    513.6840    -2298.3950    
50.75   351.4680    516.6880    -2300.2099    
51.31   351.4680    516.6880    -2300.2099    
51.88   351.4680    516.6880    -2299.6049    
52.44   351.4680    516.6880    -2299.6049    
53.00   351.4680    516.6880    -2299.0000    
53.57   351.4680    516.6880    -2299.6049    
54.13   351.4680    516.6880    -2299.0000    
54.70   351.4680    516.6880    -2300.2099    
55.26   351.4680    516.6880    -2299.6049    
55.82   351.4680    516.6880    -2299.6049    
56.39   351.4680    516.6880    -2298.3950    
56.95   351.4680    516.6880    -2299.6049    
57.52   351.4680    516.6880    -2299.0000    
58.08   351.4680    516.6880    -2298.3950    
58.64   351.4680    516.6880    -2300.2099    
59.21   351.4680    516.6880    -2300.2099    
59.77   351.4680    516.6880    -2299.0000    
60.33   351.4680    516.6880    -2297.7900    
60.90   351.4680    516.6880    -2300.2099    
61.46   351.4680    516.6880    -2299.6049    
62.03   351.4680    516.6880    -2299.6049    
62.59   348.4640    513.6840    -2302.6301    
63.15   351.4680    516.6880    -2300.2099    
63.72   351.4680    516.6880    -2300.2099    
64.28   351.4680    516.6880    -2302.0251    
64.85   351.4680    516.6880    -2301.4201    
65.41   351.4680    516.6880    -2301.4201    
65.97   351.4680    516.6880    -2302.0251    
66.54   351.4680    516.6880    -2302.0251    
67.10   351.4680    516.6880    -2302.6301    
67.66   351.4680    516.6880    -2302.0251    
68.23   351.4680    516.6880    -2302.0251    
68.79   351.4680    516.6880    -2300.8151    
69.36   351.4680    516.6880    -2302.0251    
69.92   354.4720    516.6880    -2301.4201    
70.48   351.4680    516.6880    -2302.6301    
71.05   351.4680    516.6880    -2300.2099    
71.61   351.4680    516.6880    -2303.2351    
72.18   351.4680    516.6880    -2301.4201    
72.74   351.4680    516.6880    -2302.0251    
73.30   351.4680    513.6840    -2302.0251    
73.87   351.4680    516.6880    -2301.4201    
74.43   351.4680    516.6880    -2302.6301    
75.00   351.4680    516.6880    -2300.8151    
75.56   351.4680    516.6880    -2300.8151    
76.12   354.4720    516.6880    -2302.6301    
76.69   354.4720    516.6880    -2302.0251    
77.25   351.4680    516.6880    -2303.2351    
77.82   351.4680    516.6880    -2303.2351    
78.38   354.4720    519.6920    -2302.6301    
78.94   351.4680    519.6920    -2302.0251    
79.51   354.4720    516.6880    -2303.2351    
80.07   354.4720    519.6920    -2302.6301    
80.63   354.4720    516.6880    -2302.6301    
81.20   351.4680    516.6880    -2303.2351    
81.76   351.4680    516.6880    -2302.6301    
82.33   351.4680    516.6880    -2300.8151    
82.89   351.4680    516.6880    -2301.4201    
83.45   351.4680    516.6880    -2302.0251    
84.02   351.4680    516.6880    -2302.0251    
84.58   351.4680    516.6880    -2303.2351    
85.14   351.4680    516.6880    -2302.0251    
85.71   351.4680    516.6880    -2302.6301    
86.27   351.4680    516.6880    -2300.2099    
86.84   351.4680    516.6880    -2302.6301    
87.40   351.4680    516.6880    -2302.0251    
87.96   351.4680    516.6880    -2302.0251    
88.53   351.4680    519.6920    -2303.2351    
89.09   354.4720    516.6880    -2300.8151    
89.66   351.4680    516.6880    -2299.6049    
90.22   354.4720    516.6880    -2302.0251    
90.78   354.4720    516.6880    -2301.4201    
91.35   354.4720    516.6880    -2301.4201    
91.91   354.4720    519.6920    -2302.0251    
92.48   351.4680    516.6880    -2302.6301    
93.04   351.4680    516.6880    -2303.2351    
93.61   351.4680    516.6880    -2302.6301    
94.17   351.4680    516.6880    -2303.2351    
94.73   351.4680    516.6880    -2302.0251    
95.30   351.4680    516.6880    -2303.8400    
95.86   351.4680    516.6880    -2300.2099    
96.42   351.4680    516.6880    -2302.6301    
96.99   351.4680    516.6880    -2302.0251    
97.55   351.4680    516.6880    -2302.6301    
98.11   351.4680    516.6880    -2302.6301    
98.68   351.4680    516.6880    -2302.0251    
99.24   351.4680    516.6880    -2302.0251    
99.81   351.4680    516.6880    -2302.6301    
100.37  351.4680    516.6880    -2302.6301    
100.93  351.4680    516.6880    -2303.8400    
101.50  351.4680    516.6880    -2302.0251    
102.06  351.4680    516.6880    -2303.2351    
102.63  351.4680    516.6880    -2302.0251    
103.19  351.4680    516.6880    -2302.6301    
103.75  351.4680    516.6880    -2302.6301    
104.32  351.4680    516.6880    -2303.2351    
104.88  351.4680    516.6880    -2303.8400    
105.45  351.4680    516.6880    -2302.6301    
106.01  351.4680    516.6880    -2304.4450    
106.57  351.4680    516.6880    -2303.8400    
107.14  351.4680    516.6880    -2301.4201    
107.70  351.4680    516.6880    -2303.2351    
108.27  351.4680    516.6880    -2303.2351    
108.83  354.4720    516.6880    -2304.4450    
109.39  354.4720    516.6880    -2303.8400    
109.96  351.4680    516.6880    -2303.8400    
110.52  351.4680    516.6880    -2305.0500    
111.09  351.4680    516.6880    -2305.0500    
111.65  354.4720    516.6880    -2304.4450    
112.21  354.4720    516.6880    -2305.0500    
112.78  351.4680    516.6880    -2305.0500    
113.34  354.4720    516.6880    -2305.0500    
113.91  351.4680    516.6880    -2303.2351    
114.47  351.4680    516.6880    -2303.8400    
115.03  351.4680    516.6880    -2305.6550    
115.60  351.4680    516.6880    -2305.0500    
116.16  351.4680    516.6880    -2304.4450    
116.72  351.4680    516.6880    -2302.6301    
117.29  351.4680    516.6880    -2303.8400    
117.85  351.4680    516.6880    -2303.8400    
118.42  351.4680    516.6880    -2303.8400    
118.98  351.4680    516.6880    -2303.8400    
119.55  351.4680    516.6880    -2303.8400    
120.11  351.4680    516.6880    -2303.8400    
120.67  354.4720    516.6880    -2303.8400    
121.24  351.4680    516.6880    -2303.8400    
121.80  351.4680    516.6880    -2305.0500    
122.37  351.4680    516.6880    -2304.4450    
122.93  351.4680    516.6880    -2304.4450    
123.49  351.4680    516.6880    -2303.2351    
124.06  351.4680    516.6880    -2304.4450    
124.62  351.4680    516.6880    -2305.0500    
125.18  351.4680    516.6880    -2304.4450    
125.75  351.4680    516.6880    -2304.4450    
126.31  354.4720    516.6880    -2305.6550    
126.88  354.4720    516.6880    -2305.6550    
127.44  351.4680    516.6880    -2306.2600    
128.01  351.4680    516.6880    -2306.2600    
128.57  351.4680    516.6880    -2305.6550    
129.13  354.4720    516.6880    -2307.4699    
129.70  354.4720    516.6880    -2306.2600    
130.26  354.4720    516.6880    -2305.6550    
130.83  351.4680    516.6880    -2306.8649    
131.39  354.4720    519.6920    -2305.6550    
131.95  354.4720    516.6880    -2305.0500    
132.52  354.4720    516.6880    -2306.8649    
133.08  351.4680    516.6880    -2305.6550    
133.64  351.4680    519.6920    -2306.2600    
134.21  354.4720    516.6880    -2306.8649    
134.77  351.4680    516.6880    -2306.2600    
135.34  354.4720    516.6880    -2306.2600    
135.90  354.4720    516.6880    -2307.4699    
136.46  354.4720    516.6880    -2306.2600    
137.03  351.4680    516.6880    -2306.2600    
137.59  351.4680    516.6880    -2308.6801    
138.16  354.4720    519.6920    -2308.0749    
138.72  354.4720    516.6880    -2308.0749    
139.28  351.4680    516.6880    -2308.0749    
139.85  351.4680    516.6880    -2306.2600    
140.41  354.4720    519.6920    -2305.6550    
140.98  351.4680    516.6880    -2306.8649    
141.54  351.4680    516.6880    -2305.0500    
142.10  354.4720    516.6880    -2306.2600    
142.67  354.4720    516.6880    -2306.8649    
143.23  351.4680    516.6880    -2306.8649    
143.80  351.4680    516.6880    -2305.6550    
144.36  354.4720    516.6880    -2306.2600    
144.92  354.4720    519.6920    -2306.2600    
145.49  351.4680    516.6880    -2306.8649    
146.05  351.4680    516.6880    -2308.0749    
146.62  351.4680    516.6880    -2306.8649    
147.18  354.4720    516.6880    -2306.8649    
147.74  354.4720    516.6880    -2308.0749    
148.31  354.4720    516.6880    -2306.8649    
148.87  351.4680    519.6920    -2306.2600    
149.44  354.4720    516.6880    -2307.4699    
150.00  351.4680    516.6880    -2305.6550    
150.56  354.4720    519.6920    -2306.8649    
151.13  354.4720    519.6920    -2306.8649    
151.69  354.4720    516.6880    -2308.0749    
152.26  351.4680    516.6880    -2308.0749    
152.82  351.4680    519.6920    -2306.8649    
153.38  354.4720    516.6880    -2308.6801    
153.95  354.4720    516.6880    -2307.4699    
154.51  354.4720    516.6880    -2306.8649    
155.08  351.4680    516.6880    -2307.4699    
155.64  354.4720    519.6920    -2306.2600    
156.20  354.4720    516.6880    -2308.0749    
156.77  354.4720    516.6880    -2308.6801    
157.33  354.4720    516.6880    -2308.0749    
157.89  351.4680    516.6880    -2308.6801    
158.46  354.4720    516.6880    -2308.0749    
159.02  354.4720    519.6920    -2308.0749    
159.59  354.4720    516.6880    -2308.0749    
160.15  354.4720    519.6920    -2309.2851    
160.71  354.4720    519.6920    -2308.0749    
161.28  354.4720    516.6880    -2307.4699    
161.84  354.4720    519.6920    -2310.4951    
162.41  354.4720    516.6880    -2308.0749    
162.97  354.4720    519.6920    -2308.6801    
163.54  354.4720    516.6880    -2308.0749    
164.10  354.4720    516.6880    -2308.0749    
164.66  354.4720    516.6880    -2308.6801    
165.23  354.4720    519.6920    -2308.0749    
165.79  351.4680    516.6880    -2308.0749    
166.35  351.4680    516.6880    -2309.2851    
166.92  354.4720    519.6920    -2306.2600    
167.48  354.4720    519.6920    -2309.2851    
168.05  354.4720    516.6880    -2307.4699    
168.61  351.4680    516.6880    -2308.6801    
169.17  351.4680    519.6920    -2308.6801    
169.74  354.4720    519.6920    -2309.8901    
170.30  354.4720    519.6920    -2308.0749    
170.87  354.4720    516.6880    -2308.0749    
171.43  351.4680    519.6920    -2309.2851    
171.99  354.4720    516.6880    -2308.0749    
172.56  351.4680    519.6920    -2308.0749    
173.12  354.4720    516.6880    -2307.4699    
173.69  354.4720    519.6920    -2308.6801    
174.25  354.4720    516.6880    -2308.6801    
174.81  354.4720    519.6920    -2309.2851    
175.38  351.4680    519.6920    -2308.0749    
175.94  354.4720    516.6880    -2309.8901    
176.51  354.4720    516.6880    -2310.4951    
177.07  354.4720    516.6880    -2309.8901    
177.63  351.4680    516.6880    -2309.2851    
178.20  354.4720    519.6920    -2310.4951    
178.76  354.4720    519.6920    -2309.8901    
179.33  354.4720    519.6920    -2309.8901    
179.89  354.4720    516.6880    -2311.7050    
180.45  354.4720    519.6920    -2312.3100    
181.02  354.4720    519.6920    -2312.9150    
181.58  354.4720    519.6920    -2311.1000    
182.15  354.4720    519.6920    -2310.4951    
182.71  354.4720    519.6920    -2311.1000    
183.27  354.4720    519.6920    -2310.4951    
183.84  354.4720    519.6920    -2312.3100    
184.40  354.4720    519.6920    -2312.3100    
184.97  354.4720    519.6920    -2310.4951    
185.53  354.4720    519.6920    -2310.4951    
186.09  354.4720    519.6920    -2311.7050    
186.66  354.4720    519.6920    -2312.9150    
187.22  354.4720    519.6920    -2311.7050    
187.79  354.4720    516.6880    -2312.3100    
188.35  354.4720    519.6920    -2312.3100    
188.91  354.4720    519.6920    -2311.7050    
189.48  354.4720    519.6920    -2312.3100    
190.04  354.4720    519.6920    -2311.7050    
190.60  354.4720    519.6920    -2312.3100    
191.17  354.4720    516.6880    -2312.9150    
191.73  354.4720    519.6920    -2311.7050    
192.30  354.4720    516.6880    -2311.7050    
192.86  351.4680    519.6920    -2311.7050    
193.42  354.4720    519.6920    -2312.3100    
193.99  351.4680    519.6920    -2311.1000    
194.55  354.4720    519.6920    -2310.4951    
195.12  354.4720    516.6880    -2311.1000    
195.68  354.4720    519.6920    -2309.8901    
196.24  354.4720    519.6920    -2311.1000    
196.81  354.4720    519.6920    -2311.1000    
197.37  354.4720    519.6920    -2311.1000    
197.94  354.4720    519.6920    -2312.3100    
198.50  354.4720    519.6920    -2310.4951    
199.06  354.4720    519.6920    -2311.1000    
199.63  354.4720    519.6920    -2312.3100    
200.19  354.4720    519.6920    -2312.3100    
200.76  351.4680    519.6920    -2312.3100    
201.32  354.4720    519.6920    -2311.1000    
201.88  354.4720    519.6920    -2312.3100    
202.45  351.4680    519.6920    -2312.3100    
203.01  354.4720    516.6880    -2311.7050    
203.58  354.4720    519.6920    -2311.7050    
204.14  354.4720    519.6920    -2311.7050    
204.70  354.4720    519.6920    -2311.1000    
205.27  354.4720    519.6920    -2314.7299    
205.83  354.4720    519.6920    -2314.1250    
206.40  354.4720    519.6920    -2313.5200    
206.96  354.4720    516.6880    -2312.3100    
207.52  354.4720    519.6920    -2312.9150    
208.09  354.4720    519.6920    -2312.9150    
208.65  354.4720    519.6920    -2313.5200    
209.22  354.4720    519.6920    -2313.5200    
209.78  354.4720    519.6920    -2312.9150    
210.34  354.4720    519.6920    -2314.7299    
210.91  354.4720    519.6920    -2314.1250    
211.47  354.4720    519.6920    -2312.3100    
212.03  354.4720    519.6920    -2313.5200    
212.60  354.4720    519.6920    -2313.5200    
213.16  354.4720    519.6920    -2312.9150    
213.73  354.4720    519.6920    -2314.7299    
214.29  354.4720    519.6920    -2313.5200    
214.85  354.4720    519.6920    -2314.7299    
215.42  354.4720    519.6920    -2314.7299    
215.98  354.4720    519.6920    -2314.1250    
216.55  354.4720    519.6920    -2314.1250    
217.11  354.4720    519.6920    -2313.5200    
217.67  354.4720    519.6920    -2314.1250    
218.24  354.4720    519.6920    -2314.1250    
218.80  354.4720    519.6920    -2312.3100    
219.37  354.4720    519.6920    -2313.5200    
219.93  354.4720    519.6920    -2314.1250    
220.49  354.4720    519.6920    -2313.5200    
221.06  354.4720    519.6920    -2312.9150    
221.62  354.4720    519.6920    -2312.3100    
222.19  354.4720    519.6920    -2312.9150    
222.75  354.4720    519.6920    -2313.5200    
223.31  354.4720    519.6920    -2314.1250    
223.88  354.4720    519.6920    -2314.1250    
224.44  354.4720    519.6920    -2312.3100    
225.01  354.4720    519.6920    -2315.3349    
225.57  354.4720    519.6920    -2314.7299    
226.13  354.4720    519.6920    -2314.7299    
226.70  354.4720    519.6920    -2315.3349    
227.26  354.4720    519.6920    -2314.7299    
227.83  354.4720    519.6920    -2314.1250    
228.39  354.4720    519.6920    -2314.7299    
228.95  354.4720    519.6920    -2314.7299    
229.52  354.4720    519.6920    -2314.7299    
230.08  354.4720    519.6920    -2314.1250    
230.65  354.4720    519.6920    -2315.3349    
231.21  354.4720    519.6920    -2315.3349    
231.77  354.4720    519.6920    -2316.5451    
232.34  354.4720    519.6920    -2315.3349    
232.90  354.4720    519.6920    -2315.9401    
233.47  354.4720    519.6920    -2315.3349    
234.03  354.4720    519.6920    -2315.3349    
234.59  354.4720    519.6920    -2314.1250    
235.16  354.4720    519.6920    -2316.5451    
235.72  354.4720    519.6920    -2314.7299    
236.29  354.4720    519.6920    -2314.1250    
236.85  354.4720    519.6920    -2315.3349    
237.41  354.4720    519.6920    -2315.9401    
237.98  354.4720    519.6920    -2315.3349    
238.54  354.4720    519.6920    -2316.5451    
239.11  354.4720    519.6920    -2317.1501    
239.67  354.4720    519.6920    -2316.5451    
240.23  354.4720    519.6920    -2316.5451    
240.80  354.4720    519.6920    -2315.3349    
241.36  354.4720    519.6920    -2316.5451    
241.93  354.4720    519.6920    -2315.9401    
242.49  354.4720    519.6920    -2315.3349    
243.05  354.4720    519.6920    -2316.5451    
243.62  354.4720    519.6920    -2315.9401    
244.18  354.4720    519.6920    -2315.9401    
244.74  354.4720    519.6920    -2315.3349    
245.31  354.4720    519.6920    -2315.9401    
245.87  354.4720    519.6920    -2315.9401    
246.44  354.4720    519.6920    -2315.9401    
247.00  354.4720    519.6920    -2315.3349    
247.56  354.4720    519.6920    -2315.9401    
248.13  354.4720    519.6920    -2317.7551    
248.69  354.4720    519.6920    -2316.5451    
249.26  354.4720    519.6920    -2317.7551    
249.82  354.4720    519.6920    -2315.9401    
250.38  354.4720    519.6920    -2315.9401    
250.95  354.4720    519.6920    -2317.1501    
251.51  354.4720    519.6920    -2315.9401    
252.08  354.4720    519.6920    -2317.1501    
252.64  354.4720    519.6920    -2317.1501    
253.20  354.4720    519.6920    -2317.1501    
253.77  354.4720    519.6920    -2316.5451    
254.33  354.4720    519.6920    -2318.3601    
254.90  354.4720    519.6920    -2317.1501    
255.46  354.4720    519.6920    -2317.7551    
256.02  354.4720    519.6920    -2317.1501    
256.59  354.4720    519.6920    -2317.7551    
257.15  354.4720    519.6920    -2317.1501    
257.72  354.4720    519.6920    -2316.5451    
258.28  354.4720    519.6920    -2317.7551    
258.84  354.4720    519.6920    -2317.7551    
259.41  354.4720    519.6920    -2317.1501    
259.97  354.4720    519.6920    -2318.3601    
260.54  354.4720    519.6920    -2316.5451    
261.10  354.4720    519.6920    -2318.3601    
261.66  354.4720    519.6920    -2317.7551    
262.23  354.4720    519.6920    -2318.3601    
262.79  354.4720    519.6920    -2318.9650    
263.36  354.4720    519.6920    -2318.3601    
263.92  354.4720    519.6920    -2318.3601    
264.48  354.4720    519.6920    -2317.1501    
265.05  354.4720    519.6920    -2318.9650    
265.61  354.4720    519.6920    -2318.3601    
266.17  354.4720    519.6920    -2317.7551    
266.74  354.4720    519.6920    -2318.9650    
267.30  354.4720    519.6920    -2317.1501    
267.87  354.4720    519.6920    -2319.5700    
268.43  354.4720    519.6920    -2318.3601    
269.00  354.4720    519.6920    -2317.7551    
269.56  354.4720    522.6960    -2318.3601    
270.12  354.4720    519.6920    -2318.9650    